0,14.76,14.76
1,0.00,14.76
2,32.79,32.79
3,207.03,207.03
4,0.00,207.03
5,107.27,207.03
6,261.71,261.71
7,0.00,261.71
8,0.00,261.71
9,50.27,261.71
10,136.65,261.71
11,0.00,261.71
12,0.00,261.71
13,4.92,261.71
14,4.98,261.71
15,0.00,261.71
16,6.94,261.71
17,176.11,261.71
18,56.59,261.71
19,0.00,261.71
20,53.62,261.71
21,49.76,261.71
22,44.18,261.71
23,0.00,261.71
24,46.70,261.71
25,116.56,261.71
26,282.90,282.90
27,31.79,282.90
28,0.00,282.90
29,35.42,282.90
30,227.86,282.90
31,4.88,282.90
32,0.95,282.90
33,0.00,282.90
34,124.30,282.90
35,0.00,282.90
36,269.74,282.90
37,75.04,282.90
38,5.71,282.90
39,0.63,282.90
40,0.00,282.90
41,53.44,282.90
42,0.00,282.90
43,42.21,282.90
44,228.69,282.90
45,247.25,282.90
46,266.51,282.90
47,214.64,282.90
48,1.10,282.90
49,33.45,282.90
50,239.79,282.90
51,0.00,282.90
52,204.13,282.90
53,0.91,282.90
54,206.69,282.90
55,45.47,282.90
56,0.99,282.90
57,50.78,282.90
58,9.28,282.90
59,19.65,282.90
60,44.17,282.90
61,42.77,282.90
62,57.84,282.90
63,45.23,282.90
64,301.45,301.45
65,0.00,301.45
66,210.15,301.45
67,0.00,301.45
68,42.65,301.45
69,0.00,301.45
70,32.63,301.45
71,236.86,301.45
72,32.36,301.45
73,0.00,301.45
74,0.00,301.45
75,8.56,301.45
76,6.97,301.45
77,4.51,301.45
78,34.60,301.45
79,172.25,301.45
80,37.41,301.45
81,588.63,588.63
82,262.89,588.63
83,210.52,588.63
84,46.27,588.63
85,91.94,588.63
86,304.49,588.63
87,9.16,588.63
88,0.00,588.63
89,324.74,588.63
90,0.00,588.63
91,201.92,588.63
92,79.98,588.63
93,46.84,588.63
94,221.25,588.63
95,233.43,588.63
96,53.40,588.63
97,38.56,588.63
98,65.00,588.63
99,0.00,588.63
100,69.68,588.63
101,354.45,588.63
102,1.35,588.63
103,273.06,588.63
104,100.71,588.63
105,254.15,588.63
106,216.10,588.63
107,0.00,588.63
108,219.78,588.63
109,4.91,588.63
110,274.42,588.63
111,207.80,588.63
112,372.46,588.63
113,42.39,588.63
114,57.49,588.63
115,0.00,588.63
116,39.67,588.63
117,70.08,588.63
118,4.49,588.63
119,49.17,588.63
120,42.79,588.63
121,203.80,588.63
122,219.43,588.63
123,37.77,588.63
124,213.77,588.63
125,235.40,588.63
126,0.00,588.63
127,34.03,588.63
128,0.00,588.63
129,250.75,588.63
130,51.25,588.63
131,0.00,588.63
132,0.00,588.63
133,0.00,588.63
134,243.81,588.63
135,77.87,588.63
136,119.12,588.63
137,193.58,588.63
138,228.78,588.63
139,0.00,588.63
140,4.59,588.63
141,258.13,588.63
142,220.39,588.63
143,107.79,588.63
144,75.19,588.63
145,48.20,588.63
146,51.73,588.63
147,36.51,588.63
148,202.67,588.63
149,0.00,588.63
150,0.00,588.63
151,212.23,588.63
152,52.89,588.63
153,122.19,588.63
154,97.22,588.63
155,162.74,588.63
156,127.23,588.63
157,0.00,588.63
158,0.00,588.63
159,59.88,588.63
160,598.00,598.00
161,0.00,598.00
162,49.76,598.00
163,212.20,598.00
164,101.10,598.00
165,90.79,598.00
166,4.57,598.00
167,22.81,598.00
168,0.00,598.00
169,32.40,598.00
170,219.01,598.00
171,4.71,598.00
172,0.72,598.00
173,44.38,598.00
174,0.00,598.00
175,0.00,598.00
176,67.64,598.00
177,157.44,598.00
178,249.63,598.00
179,242.31,598.00
180,5.42,598.00
181,20.54,598.00
182,0.00,598.00
183,51.10,598.00
184,93.51,598.00
185,55.52,598.00
186,0.00,598.00
187,0.00,598.00
188,8.42,598.00
189,148.15,598.00
190,227.67,598.00
191,0.00,598.00
192,219.35,598.00
193,207.58,598.00
194,5.24,598.00
195,40.74,598.00
196,67.36,598.00
197,0.00,598.00
198,0.00,598.00
199,66.70,598.00
200,0.00,598.00
201,34.06,598.00
202,0.00,598.00
203,218.71,598.00
204,247.30,598.00
205,42.55,598.00
206,54.15,598.00
207,0.00,598.00
208,217.34,598.00
209,212.77,598.00
210,382.48,598.00
211,10.17,598.00
212,0.00,598.00
213,45.07,598.00
214,7.25,598.00
215,233.67,598.00
216,5.70,598.00
217,40.72,598.00
218,42.79,598.00
219,34.11,598.00
220,0.00,598.00
221,0.00,598.00
222,30.66,598.00
223,236.71,598.00
224,216.13,598.00
225,187.92,598.00
226,0.00,598.00
227,206.63,598.00
228,0.00,598.00
229,189.48,598.00
230,73.98,598.00
231,0.89,598.00
232,0.63,598.00
233,246.16,598.00
234,212.42,598.00
235,47.34,598.00
236,172.44,598.00
237,4.68,598.00
238,115.10,598.00
239,36.05,598.00
240,0.00,598.00
241,194.12,598.00
242,95.20,598.00
243,0.00,598.00
244,0.00,598.00
245,41.14,598.00
246,38.85,598.00
247,49.50,598.00
248,237.32,598.00
249,86.19,598.00
250,53.31,598.00
251,208.48,598.00
252,23.95,598.00
253,73.11,598.00
254,0.00,598.00
255,198.43,598.00
256,8.55,598.00
257,19.59,598.00
258,4.51,598.00
259,40.78,598.00
260,264.06,598.00
261,141.16,598.00
262,274.22,598.00
263,0.00,598.00
264,90.76,598.00
265,298.83,598.00
266,0.99,598.00
267,218.78,598.00
268,0.00,598.00
269,0.00,598.00
270,57.41,598.00
271,0.00,598.00
272,275.36,598.00
273,0.78,598.00
274,42.65,598.00
275,0.00,598.00
276,0.00,598.00
277,118.40,598.00
278,49.33,598.00
279,7.33,598.00
280,194.79,598.00
281,244.24,598.00
282,32.70,598.00
283,7.37,598.00
284,0.00,598.00
285,37.11,598.00
286,0.00,598.00
287,0.00,598.00
288,76.19,598.00
289,49.09,598.00
290,0.00,598.00
291,32.40,598.00
292,436.13,598.00
293,0.00,598.00
294,51.07,598.00
295,0.00,598.00
296,0.00,598.00
297,319.56,598.00
298,131.17,598.00
299,69.41,598.00
300,0.00,598.00
301,264.42,598.00
302,33.89,598.00
303,33.56,598.00
304,106.04,598.00
305,5.44,598.00
306,22.31,598.00
307,83.53,598.00
308,617.73,617.73
309,31.69,617.73
310,0.00,617.73
311,0.00,617.73
312,65.72,617.73
313,217.34,617.73
314,209.02,617.73
315,34.69,617.73
316,244.98,617.73
317,361.24,617.73
318,215.65,617.73
319,86.78,617.73
320,34.46,617.73
321,0.00,617.73
322,677.02,677.02
323,42.83,677.02
324,253.89,677.02
325,31.29,677.02
326,86.32,677.02
327,4.55,677.02
328,242.79,677.02
329,0.63,677.02
330,0.00,677.02
331,54.40,677.02
332,42.65,677.02
333,197.81,677.02
334,105.10,677.02
335,33.27,677.02
336,4.60,677.02
337,50.33,677.02
338,52.55,677.02
339,302.59,677.02
340,0.00,677.02
341,37.01,677.02
342,151.04,677.02
343,41.51,677.02
344,157.24,677.02
345,270.13,677.02
346,217.38,677.02
347,0.00,677.02
348,113.48,677.02
349,31.92,677.02
350,0.00,677.02
351,0.00,677.02
352,5.62,677.02
353,33.16,677.02
354,0.00,677.02
355,0.00,677.02
356,143.02,677.02
357,64.46,677.02
358,0.00,677.02
359,328.89,677.02
360,82.59,677.02
361,54.11,677.02
362,0.00,677.02
363,277.83,677.02
364,45.66,677.02
365,0.00,677.02
366,228.99,677.02
367,315.14,677.02
368,82.10,677.02
369,21.26,677.02
370,265.47,677.02
371,0.00,677.02
372,199.69,677.02
373,3.01,677.02
374,33.75,677.02
375,0.00,677.02
376,128.09,677.02
377,6.47,677.02
378,124.45,677.02
379,103.33,677.02
380,0.00,677.02
381,358.93,677.02
382,0.00,677.02
383,228.78,677.02
384,44.77,677.02
385,295.35,677.02
386,0.68,677.02
387,0.00,677.02
388,0.00,677.02
389,4.94,677.02
390,51.48,677.02
391,274.52,677.02
392,40.09,677.02
393,34.44,677.02
394,6.76,677.02
395,0.00,677.02
396,0.00,677.02
397,74.02,677.02
398,232.99,677.02
399,256.11,677.02
400,51.27,677.02
401,67.64,677.02
402,28.28,677.02
403,0.00,677.02
404,76.16,677.02
405,212.90,677.02
406,32.70,677.02
407,216.51,677.02
408,0.00,677.02
409,53.73,677.02
410,266.54,677.02
411,271.74,677.02
412,0.63,677.02
413,35.89,677.02
414,193.86,677.02
415,214.77,677.02
416,4.92,677.02
417,0.00,677.02
418,410.80,677.02
419,31.80,677.02
420,6.09,677.02
421,46.17,677.02
422,52.96,677.02
423,0.00,677.02
424,283.38,677.02
425,239.06,677.02
426,39.33,677.02
427,33.58,677.02
428,59.70,677.02
429,118.05,677.02
430,0.00,677.02
431,57.12,677.02
432,0.00,677.02
433,37.94,677.02
434,135.44,677.02
435,0.00,677.02
436,52.83,677.02
437,289.06,677.02
438,0.00,677.02
439,215.72,677.02
440,0.00,677.02
441,0.00,677.02
442,52.86,677.02
443,0.00,677.02
444,35.10,677.02
445,217.32,677.02
446,2.18,677.02
447,57.77,677.02
448,208.59,677.02
449,178.70,677.02
450,5.84,677.02
451,0.00,677.02
452,0.00,677.02
453,0.00,677.02
454,0.00,677.02
455,346.66,677.02
456,0.00,677.02
457,32.62,677.02
458,41.34,677.02
459,193.34,677.02
460,7.56,677.02
461,227.17,677.02
462,36.01,677.02
463,38.65,677.02
464,43.30,677.02
465,82.71,677.02
466,268.66,677.02
467,41.87,677.02
468,48.74,677.02
469,188.93,677.02
470,49.75,677.02
471,72.27,677.02
472,249.20,677.02
473,0.00,677.02
474,0.00,677.02
475,122.53,677.02
476,220.85,677.02
477,0.00,677.02
478,219.59,677.02
479,237.54,677.02
480,60.08,677.02
481,0.00,677.02
482,121.12,677.02
483,0.00,677.02
484,6.96,677.02
485,85.44,677.02
486,5.70,677.02
487,51.79,677.02
488,44.52,677.02
489,70.20,677.02
490,32.84,677.02
491,232.82,677.02
492,212.76,677.02
493,34.22,677.02
494,61.69,677.02
495,0.00,677.02
496,0.00,677.02
497,87.58,677.02
498,5.53,677.02
499,253.98,677.02